TITLE = "圆周率收敛性分析"
VARIABLES = "x", "y"
ZONE T="Polygon Method", I=14, F=POINT
  1.000000000000e+00    3.141592653590e+00
  5.000000000000e-01    1.141592653590e+00
  2.500000000000e-01    3.131655288438e-01
  1.250000000000e-01    8.012519466646e-02
  6.250000000000e-02    2.014750133171e-02
  3.125000000000e-02    5.044163052290e-03
  1.562500000000e-02    2.614966361449e-04
  7.812500000000e-03    3.154026578057e-04
  3.906250000000e-03    5.464785398305e-05
  1.953125000000e-03    2.160458660608e-06
  9.765625000000e-04    1.392585606488e-07
  4.882812500000e-04    8.712238328634e-09
  2.441406250000e-04    5.447142293163e-10
  1.220703125000e-04    3.405112627665e-11
ZONE T="Extrapolation Method", I=7, F=POINT
   -1.204120    -0.016969
   -1.505150    -5.269722
   -1.806180    -6.060843
   -2.107210    -7.458787
   -2.408240    -9.234360
   -2.709270   -10.936500
   -3.010300   -12.463558