====================================================================================================
圆周率计算：多边形逼近法 vs 外推法
精确 π = 3.1415926535897931
====================================================================================================

       n |              多边形逼近 π_n |          多边形误差 e_n |              外推法 π_ext |               外推误差
----------------------------------------------------------------------------------------------------
       1 |      0.000000000000000 | 3.141592653590e+00 |      0.000000000000000 | 3.141592653590e+00
       2 |      2.000000000000000 | 1.141592653590e+00 |      2.666666666666667 | 4.749259869231e-01
       4 |      2.828427124746190 | 3.131655288436e-01 |      3.104569499661586 | 3.702315392821e-02
       8 |      3.061467458920718 | 8.012519466907e-02 |      3.139147570312228 | 2.445083277566e-03
      16 |      3.121445152258052 | 2.014750133174e-02 |      3.141437716703830 | 1.549368859632e-04
      32 |      3.136548490545939 | 5.044163043854e-03 |      3.141582936641902 | 9.716947891203e-06
      64 |      3.140331156954753 | 1.261496635040e-03 |      3.141592045757691 | 6.078321024283e-07
     128 |      3.141277250932773 | 3.154026570202e-04 |      3.141592615592113 | 3.799768011348e-08
     256 |      3.141513801144301 | 7.885244549222e-05 |      3.141592651214810 | 2.374982877029e-09
     512 |      3.141572940367091 | 1.971322270178e-05 |      3.141592653441355 | 1.484381506600e-10
    1024 |      3.141587725277160 | 4.928312633545e-06 |      3.141592653580516 | 9.277467682978e-12
    2048 |      3.141591421511200 | 1.232078593372e-06 |      3.141592653589213 | 5.799805080642e-13
    4096 |      3.141592345570118 | 3.080196755434e-07 |      3.141592653589757 | 3.641531520771e-14
====================================================================================================

收敛率分析（理论收敛率 = 2）
------------------------------------------------------------
       n |   log10(1/n) |       log10(e_n) - 多边形 |        log10(e_n) - 外推
------------------------------------------------------------
       1 |     0.000000 |         0.497149872694 |         0.497149872694
       2 |    -0.301030 |         0.057511165331 |        -0.323374066113
       4 |    -0.602060 |        -0.504226048201 |        -1.431526587332
       8 |    -0.903090 |        -1.096230902327 |        -2.611706344568
      16 |    -1.204120 |        -1.695778806849 |        -3.809845177055
      32 |    -1.505150 |        -2.297210884053 |        -5.012470126242
      64 |    -1.806180 |        -2.899113903597 |        -6.216216366547
     128 |    -2.107210 |        -3.501134652401 |        -7.420242917717
     256 |    -2.408240 |        -4.103184833124 |        -8.624339517171
     512 |    -2.709270 |        -4.705242371804 |        -9.828454465015
    1024 |    -3.010300 |        -5.307301749968 |       -11.032570549793
    2048 |    -3.311330 |        -5.909361587968 |       -12.236586601924
    4096 |    -3.612360 |        -6.511421540944 |       -13.438715926479

====================================================================================================
结论：
  1. 多边形逼近法：π_n = n × sin(π/n)，收敛率约为 2
  2. 外推法：显著提高收敛速度和精度
  3. 在 log-log 坐标系中，斜率为 2 表示二阶收敛
====================================================================================================
