TITLE = "圆周率计算收敛性分析 - 多边形逼近 vs 外推法"
VARIABLES = "n", "pi_value", "error", "log_h", "log_error"

ZONE T="多边形逼近法", I=13, F=POINT
       1       0.000000000000000    3.141592653590e+00        0.000000        0.497150
       2       2.000000000000000    1.141592653590e+00       -0.301030        0.057511
       4       2.828427124746190    3.131655288436e-01       -0.602060       -0.504226
       8       3.061467458920718    8.012519466907e-02       -0.903090       -1.096231
      16       3.121445152258052    2.014750133174e-02       -1.204120       -1.695779
      32       3.136548490545939    5.044163043854e-03       -1.505150       -2.297211
      64       3.140331156954753    1.261496635040e-03       -1.806180       -2.899114
     128       3.141277250932773    3.154026570202e-04       -2.107210       -3.501135
     256       3.141513801144301    7.885244549222e-05       -2.408240       -4.103185
     512       3.141572940367091    1.971322270178e-05       -2.709270       -4.705242
    1024       3.141587725277160    4.928312633545e-06       -3.010300       -5.307302
    2048       3.141591421511200    1.232078593372e-06       -3.311330       -5.909362
    4096       3.141592345570118    3.080196755434e-07       -3.612360       -6.511422

ZONE T="外推法 (Richardson)", I=13, F=POINT
       1       0.000000000000000    3.141592653590e+00        0.000000        0.497150
       2       2.666666666666667    4.749259869231e-01       -0.301030       -0.323374
       4       3.104569499661586    3.702315392821e-02       -0.602060       -1.431527
       8       3.139147570312228    2.445083277566e-03       -0.903090       -2.611706
      16       3.141437716703830    1.549368859632e-04       -1.204120       -3.809845
      32       3.141582936641902    9.716947891203e-06       -1.505150       -5.012470
      64       3.141592045757691    6.078321024283e-07       -1.806180       -6.216216
     128       3.141592615592113    3.799768011348e-08       -2.107210       -7.420243
     256       3.141592651214810    2.374982877029e-09       -2.408240       -8.624340
     512       3.141592653441355    1.484381506600e-10       -2.709270       -9.828454
    1024       3.141592653580516    9.277467682978e-12       -3.010300      -11.032571
    2048       3.141592653589213    5.799805080642e-13       -3.311330      -12.236587
    4096       3.141592653589757    3.641531520771e-14       -3.612360      -13.438716
