TITLE = "圆周率计算收敛性分析"
VARIABLES = "x", "y"
ZONE T="Polygon Method", I=13, F=POINT
    0.000000     0.000000000000000
    0.693147     2.000000000000000
    1.386294     2.828427124746190
    2.079442     3.061467458920718
    2.772589     3.121445152258052
    3.465736     3.136548490545939
    4.158883     3.140331156954753
    4.852030     3.141277250932773
    5.545177     3.141513801144301
    6.238325     3.141572940367091
    6.931472     3.141587725277160
    7.624619     3.141591421511200
    8.317766     3.141592345570118
ZONE T="Extrapolation Method", I=13, F=POINT
    0.000000     0.000000000000000
    0.301030     2.666666666666667
    0.602060     3.104569499661586
    0.903090     3.139147570312228
    1.204120     3.141437716703830
    1.505150     3.141582936641902
    1.806180     3.141592045757691
    2.107210     3.141592615592113
    2.408240     3.141592651214810
    2.709270     3.141592653441355
    3.010300     3.141592653580516
    3.311330     3.141592653589213
    3.612360     3.141592653589757